£ 7. BUAH-BUAHAN

z —— —————— EEE—

g z - & 5 z '% a 2) -

z E 5 E z S se . k :

z na 3 £ 5313 3 13 2 E%E s 3

2o — 1 5 5o ng o ng o ng lO m m p N
Adpokat 85 0.9 6.5 77 10 20 0.9 180 005 13 84.3 61
Appel 58 03 04 149 6 w 03 90 004 5 841 — 88
Arbei 37 0.8 0.5 8.3 28 27 0.8 60 0.03 60 89.9 96
Asam masak pohon 239 28 0.6 62.5 74 113 0.6 30 0.34 2 31.4 48
Belimbing 36 0.4 0.-4 8.8 4 12 L1 170 0.03 35 90.0 86
Buah mentega (bisbul) 39 07 (0.2) 9.7 43 17 0.8 55 0 33 890 — (50)
Buah nona 101 17 0.6 25.2 27 20 0.8 3) 0.08 22 71.5 58
Djambu bidji 49 0.9 (0.3) 12.2 14 28 11 25 0.02 87 86 82
Djambu bol 56 0.6 0.3 14.2 29 16 1.2 130 0.02 22 84.5 67
Djambu monjet 64 07 0.6 15.8 4 13 0.5 25 0.02 197 82.6 90
Djambu air 46 0.6 (0.2) 11.8 7.5 9 (1.1) (0) 0 5 87.0 90
Djeruk bali 48 0.6 0.2 12.4 23 27 0.5 20 0.04 43 86.3 62
Djeruk delima 48 0.6 0.2 12.4 23 27 0.5 20 0.04 43 86.3 62
