& 6. SAYURAN

z c

3 a iid SE3 1 1 3e ge dua i

g 8 8 g m m m LIU m m g b

- Andewi 25 1.6 0.2 53 33 66 L0 ) 0.14 10 91.8 80
Bajam 36 3-5 0.5 6.5 267 67 3.9 6090 0 ) 0 0
Bajam merah 51 4.6 0.5 10.0 368 111 2.2 s60o0 008 (80) 820 71
Beligo 13 04 02 3-0 19 19 0.4 0 O04 13 961 69
Bawang bombai 45 14 02 103 32 44 0.5 50 003 9 875 94
Bawang merah 39 15 0.3 9.2 36 40 0.8 0 0.03 2 88.0 90
Bawang putih 95 45 0.2 23.1 42 134 LO 0 0.22 15 71.0 88
Bangkuang 55 14 0.2 12.8 15 18 0.6 0 0.04 20 85.1 (84)
Biet 42 1.6 0.1 9.6 27 43 LO 20 0.02 10 87.6 75
Boontjis 35 2.4 0.2 7.7 65 44 L1 630 0.08 19 88.9 90
Boros kuntji 23 10 0.8 7.2 (50) — (50) (2) (soo00) (o.08) (s0) 900  (80)
Boros ladja 22 L0 03 47 (50) (50) (2 (s000) (o08) (s0o) 900 (80)
Daun bawang 29 1.8 0.7 5.2 55 39 72 1965 009 37 9016 67
Daun beluntas 42 18 (05) 94 256 49 56 3080 002 (30) 860  (65)
Daun djambu mete muda 73 4.6 0.5 16.2 33 64 8.9 2689 0 65 78.0 (65)
