Djeruk keprok 44 0.8 03 109 (33) (23) (04) t(420) 007 31 87.3 7
Djeruk garut 44 08 03 109 (33) (23) (04) (420) 007 319 S3 !
Djeruk manis 45 09 02 12 33 23 O4 (190) 008 49 872 72
Djeruk nipis 37 0.8 0.1 12.3 (40) (22) (0.6) 0 0.04 27 86.0 76
Djeruk sitrun besar 32 0.9 0.6 8.7 40 22 0.6 0 0.04 50 89.3 62
Duku 63 10 0.2 16.1 18 9 0.9 0 0.05 9 82.0 64
5 Durian 134 2.5 (3) 28.0 74 (44) 1.3 175 — 010 53 65.0 22
5 Barjang 98 14  (02) 254 21 15 0 1218 003 56 725 65
E Gandaria (masak) 68 07 01 180 85 (20) 10 1020 003 11 808 70
a Kedondong (masak) 41 1.0 0.1 10.3 15 22 2,8 233 008 . 30 88.0 58
; Kemang 48 1.0 (0.2) 11.9 10 24 0 6 0.08 58 86.5 65
g Kesemek (keledug) 78 08 04 200 6 26 03 27110 005 11 7382 97
& Kokosan 86 1.6 (0.2) 13.0 22 38 13 20 0.04 3 85.0 64
» Langsat 56 1.9 0.2 14.3 17 24 11 0 0.07 3 84.1 64
; Mangga gedong 44 0.7 (0.2) 11.2 13 (10) (02) 16400 (0.08) 9 874 65
; Mangga golek 63 05 (02) 167 14 (i0) 07 3715 (008) 30 822 65
a Mangga arumanis 46 0.4 (0.2) 11.9 15 9 0.2 1200  (0.08) 6 86.6 65
2 Mangga indramaju 2 08 (02) 187 13  (10) 19 2900 006 16 802 65
g Mangga muda 59 0.5 0.4 15.1 12 11 0.4 85 0.06 65 83.7 73
Manggis 63 0.6 0.6 15.6 8 12 0.8 o 0.03 2 83.0 29
0
w
