8
. c — E “a 2) B
c i A D BS z £
g 8 8 8 m m m LU m m 8 9
8 oD
Z Djamur kuping, segar 15 3.8 0.6 0.9 3 94 17 ) 0.10 5 937 —— 100
” Djamur kuping, kering 28 160 09 640 51 223 6.7 0 0.11 (0) 149 100
Djantung pisang, segar 31 12 03 71 30 50 01 (170) (oo05) (10) 902 (25)
Djantung pisang, kering 28 96 12 693 296 425 09 170 004 o 153 — (25)
Djotang 32 19 03 71 162 41 40 318 009 20 890 (70)
Etjeng 18 10 0.2 3.8 80 45 37 (wo00) (o08) (50) 930 70
Gambas 18 0.8 0.2 4.1 19 33 2.4 0.2 4.9 54 90.0 70
Gendjer 33 17 0.2 77 62 33 18 195 — O41 31 673 — 69
Kangkung 29 30 03 54 73 50 25 6300 0079 32 897 70
Katjang hiris (buah muda) 123 8.4 0.6 21.8 66 174 1.9 680 034 26 74.3 45
Katjang kapri 98 6.7 04 177 22 122 09 105 013 41 874 83
Katjang kapri (buah muda) 42 33 0,2 9.0 5! (8S5) 03 0 0.03 8 96.1 70
Katjang pandjang 44 2.7 0.3 78 49 347 (20) (sooo) (o08) (s0) 850 (80)
Katuk 59 4.8 10 11.0 204 83 10 440 0.20 49 86.8 (80)
Kelor 82 6.7 1.7 14.3 440 70 0.7 335 0.13 21 88.5 75
Kemangi 46 4.0 0.5 8.9 45 75 09 380 003 8 94.5 85
Kembang turi 44 1.8 0.6 9.6 23 29 27 10970 010 239 810  (40)
