a £
£ £ s £ 5 .E - % « £e c i
: Dn 3 5 5 35 8 5 1 55 te dusaa 3
; 8 g 8 mpg m m V m g 8 &
% Menteng 52 L7 (0.2) 16.1 13 20 8.0 0 ) 5 79.0 64
$ Nangka masak pohon 106 12 0.3 27.6 20 19 0.9 330 0.07 7 70.0 28
Nenas 52 0:4 0.2 13.7 16 1! 0.3 130 0.08 24 85.3 53
Papaja 46 0.5 o 122 23 12 17 365 004 78 867 35
Pisang ambon 99 12 (02) 258 8 28 0.5 146 0.08 3 72.0 75
Pisang mas 127 1.4 (0.2) 336 7 25 0.8 79 0.09 2 64.2 75
Pisang radja 120 1.2 (02) 318 10 22 0.8 930 006 10 65.8 70
Pisang radja sereh 118 1.2 (02) 311 7 29 0.3 112 6) 4 67.0 85
Rambutan 69 09 (0a1) 181 16 16 0.5 (0) 0 58 80.5 40
Salak 77 0.4 0 20.9 28 18 4.2 0 0.04 2 78.0 (50)
Sawo manila 92 05 L1 22.4 25 12 1,2 60 0.01 21 75.5 79
Semangka 28 0.5 0.2 6.9 7 12 0.2 590 0.05 6 92.1 46
Sirsak 65 L0 0.3 16.3 14 27 6.0 10 0.07 20 817 68
Srikaja 101 17 0.6 25.2 27 20 0.8 0 0.08 22 715 58
Tjempedak (nangka tjina) 16 30 04 286 (20) (30) (15) (200) (O) 5 670 (30)
