Bekatul djagung 365 9.0 8.5 645 (200) (500) (10) s) 12 ') 12.0 100
Kentang 83 2.0 0.1 19.1 11 56 0.7 8) 0.11 17 778 85
Kentang hitam 142 0.9 0.4 33.7 34 75 0.2 ) 0.02 38 64 75
Ketela pohon putih 146 1.2 0.3 347 33 40 0.7 0 0.06 30 62.5 75
Ketela pohon kuning 57 08 03 379 (33) (4o) C07) t385) (o06) 30 600 75
Krupuk atji 350 0.5 0.2 85.9 0 0 0 0 o 0 12.0 100
2 Macaroni 363 8.7 0.-4 787 20 80 0.3 0 (0.10) — (0) 11.7 100
'r_?; Maizena 343 0.3 ) 85.0 20 30 15 0 0 l) 14.0 100
; Mie basah 86 06 33 0 4 3 08 0 n 0 800 100
% Mi kering 337 7.9 11.8 50.0 49 47 2.8 0 0.10 ) 28.0 100
z Atji katjang idjo 30 45 10 835 (G50) (wo) (o) O ) 0 10.0 — 100
g Atji singkong 362 0.5 0.3 86.9 0 0 0 0 0 0 12.0 100
z Roti putih 248 8.0 1.2 50.0 10 95 1.5 ) 0.10 0 40.0 — 100
% Tepung sago 353 0.7 0.2 84.7 11 13 L1 0 0.01 0 14.0 100
z Sente 64 06 03 48 G0) Go) (1o) (0) 005 (5) 840 90
5 Suweg 69 10 0.1 15.7 62 41 42 (0) 0.07 (5) 82.0 86
; Tales 98 1.9 0.2 23.7 28 61 1.0 20 0.13 4 73.0 85
E;f Tape singkong, peujeum 173 0.5 0.1 425 (30) 30 (0) (0) 007 0 56.1 — 100
; Tepung arrowroot 355 0.7 0.2 85.2 8 22 1.5 0 0.09 0 13.6 100
% Tepung beras 364 7.0 0.5 80.0 5 140 0.8 0 0.12 0 12,0 100
i Tepung djagung kuning 355 9.2 3.9 73.7 10 256 2.4 510 0.38 0 12.0 100
8 Tepung djagung putih 355 92 39 737 10 256 24 0 038 0 120 100
