Ketimun 12 0.7 0.1 2.7 10 21 7.0 11300 0.21 220 75.0 (65)

Keluwih 35 2.9 0.2 58 63 37 0.3 595 0.24 19 904 96

Kol kembang 111 1.5 0.3 27.2 28 32 0.9 20 0.10 19 70.0 77

Kol merah 25 2.-4 0.2 4.9 22 72 u1 90 0.11 69 91.7 57

Kol putih 24 14 0.2 53 46 31 0.5 80 0.06 50 92.4 75

Koro krupuk, buah muda 125 8.3 0.7 22.1 17 12 2.7 80 0.11 31 67.2 68
;E, Koro wedus, buah muda 38 3.0 0.3 7.9 56 47 1 870 009 17 880 (70)
% Krokot 21 7 0.4 3.8 103 30 36 2550 003 25 93.0 80
; Kutjai 45 2.2 0.3 10.3 52 50 11 40 0.11 17 86.3 52
2 Kutjai muda (lokio) 42 3.8 0.6 78 76 91 2.5 500 0.11 59 86.0 100
5 Labu air 17 0.6 0.2 3.8 12 18 0.6 70 0.04 10 95.0 80
z Labu siam 26 0.6 0.1 6,7 14 25 0.5 20 0.02 18 92.3 83
; Waluh 29 11 0.3 6.6 45 64 14 180 0.08 52 91.2 77
% Leuntja 33 1.9 0.1 7.4 274 34 4.0 478 0.10 17 90.0 95
z Lobak 19 0.9 0.1 42 35 26 0.6 10 0.03 32 94.1 (87)
E Melindjo 66 5.0 0.7 13.3 163 75 28 (1w00) (010) (wo) 8o0 60
; Nangka muda 51 2.0 0.4 11.3 45 29 0.5 25 0.07 9 85.4 80
z Papaja muda 26 2.1 0.1 4.9 50 (16) 0.4 (50)  0.02 19 92.3 76
:>: Pare (paria) 29 1.1 0.3 6.6 45 64 14 180 008 52 91.2 77
z Petjay 23 18 03 45 199 39 69 3195 008 75 924 82

Prei 45 2.2 0.3 10.3 52 50 11 40 0.11 17 86.3 52
Yo
