Oeb an na me na a aa a aa ae aa ,

a 5 E : %.< %?E c 3
oes 5 E 5 BE 3 5 a1 S dedma i

- 8 E g m m m IU m m g $
% Dmung buur ”“f' putih 140 47 13 33.1 6 1n18 0.7 0 0.24 8 60.0 90
z W&m… 307 79 34 636 9 1488 21 440 033 0 240 90
d w&wm 355 92 39 787 10 2586 24 0 038 0 120 90
mm… 361 87 45 7224 9 380 46 (350) 022 0 131 100
mm… 366 89 52 7117 9 406 46 (400) 024 0 131 100
mw… 361 87 45 72.4 9 380 4.6 0 0.27 ) 13.1 100
;“;&dj&:… 366 87 52 7117 9 406 46 0 024 0 131 100
Menir djagung 369 9.1 6.7 69.5 8 450 3.6 0 0.45 0 12.7 100

Djali 289 11,0 40 61.0 213 176 11.0 0 0.14 0 230 — (90)
Djampang huma 332 6.2 14 78.2 329 254 53 (0) 0.33 (0) 11.7 100

Djawawut 334 97 35 734 28 311 53 () 051 (0) 119 100
Gadung 101 2.1 0.2 23.2 20 69 0.6 0 0.10 9 73.5 (85)
Ganjong 95 LO 0.1 22.6 21 70 20.0 0 (0.10) 10 75.0 (65)
Gaplek 338 .5 0.7 81.3 80 60 1.9 0 0.04 0 14.5 100
Gembili 95 15 01 224 (18) (49 45 0 (005) (4 75 100
Bekatul beras 291 14.4 18.2 477 43 2535 4.5 0 1.42 0 10.7 100
