Daun gandaria 60 3.1 (0.3) 14.0 40 45 47 600 0 61 81.0 (65)
Daun katjang pandjang 34 41 0.4 58 134 145 62 5240 028 29 883 — (65)
Daun kedondong 59 3.5 (0.3) 13.4 540 82 6.2 2900 0.06 29 810 (65)
Daun kemang 43 55 (03) 75 35 106 10 10197 006 (30) 850 — 165)
Daun ketela rambat (ubi djalar) 47 2.8 0.4 10.4 79 66 10.0 6015 012 22 847 (73)
Daun ketjipir 47 5.0 0.5 85 (134) (81) 62 (5240) (028) 29 850 (70)
a Daun koro 23 30 03 3.7 134 81 62 53240 028 29 910  (65)
Z Daun labu siam 60 40 04 47 38 (0 25 2025 008 16 897 100
2 Daun waluh 30 3.6 0.6 45 138 99 37 2280 014 36 897 (70)
— Daun leuntja 45 47 05 81 20 (80) 61 1900 014 40 850 (0
z Daun lobak 30 23 (04) 58 140 33 37 (oo00) 007 109 900 (70)
% Daun lompong 40 3.0 0.8 74 76 59 10 (2000) 0.08 31 87.2 (75)
g Daun mangkokan 54 3-7 (0.3) 11.8 474 49 4.0 5450 006 83 820 (80)
% Daun melindjo 99 5.0 13 213 — 219 82 42 10000 009 182 708 88
5 Daun ojong 22 10 0.1 53 21 44 (20) (1woo) (0.08) (i50) 930 — (65)
g Daun pakis 35 40 103 6.4 42 172 1.3 1881 ) (30) 880 70
; Daun papaja 79 8.0 2.0 11.9 353 63 0.8 18250 0.15 140 75-4 7
g Daun pete tjina (daun lamtoro) 128 12.0 6.5 12.4 1500 — (100) 2.5 17800 0.04 64 67.0 (40)
2 Daun singkong 73 6.8 1.2 13.0 165 54 20 1000 012 2795 772 87
% Daun singkong kuning 131 12.7 (1.2) 252 (165) — (54) 39 13000 021 220 58.0 87
g Daun tales 71 4.1 2.1 12.3 302 47 83 10995 O11 163 79.4 — (80)
