c mmm——— EEE———e EE—
s 4 was J 3c FF % 8 -

z g g g m m m IU m m g a
% Rabarber 32 0.5 0.1 54 40 30 0.5 ) 0.05 10 93.0 80
£ Rebung 27 2.6 0.3 5.2 13 59 0.5 20 0.15 4 91.0 65
Sawi 22 2.3 0.3 4.0 220 38 29 6460 009 102 922  (87)

Selada air 17 17 0:3 3-0 182 (272) 25 2420 008 50 94-1 9

Seledri 20 1.0 0.1 4.6 50 40 LO 130 0.03 11 93.0 63

Taoge karjang idjo 23 2.9 0.2 4.1 29 69 0.8 10 0.07 15 92.4 100

Taoge kedele 67 9.0 2.6 6.4 (s0) (65) (10) (no) to23) (15) Si0 100

Taoge katjang tunggak 35 5.0 0.2 5.8 57 88 1.0 0 l0070 (15) 880 90

Tebu terubuk 25 4.6 0.4 3.0 (40) (80) 2.0 0 (0.08) (s0o) 910 (20)

Takokak 34 2.0 0.1 79 (50) (30) (2 750 (0.08) (80) 890 95
Terong 24 1! 0.2 55 15 37 04 30 004 5 927 87

Terong belanda 48 1.5 0.3 11.3 13 24 0.8 0 0.04 17 85.9 73
Tespong 59 29 (03) 139 155 65 25 2500 005 21 810 (60)
Lombok merah besar 31 10 0.3 7.3 29 24 0.5 470 0.05 18 90.9 85

Lombok idjo besar 23 07 03 5.2 14 23 O4 260 005 84 934 82
Lombok kering 311 15.9 6.2 61.8 160 370 2.3 576 (040) 50 10.0 (85)
