5. IKAN
5 I 1 Iri g s ie 3
DIH 3 £ 5 s0 3 8 1 53 te ig 3
8 8 8 mg mg mg LU mg mg 8 x
2 Bader (tawes) 198 190 130 0 48 (150) 04 (150) 001 0 66.0  (80)
z Bandeng 29 200 48 0  (20) (50) (20) (50) (005) 0 740 (80)
$ Bawal 96 190 17 0  (20) (i50) (20) (is0) (005) 0 780 (80)
z Bekasem 198 140 07 74 d40) (80) (20) (100) (005) 0 690 100
; Belut 303 10 270 0 20 200 10 (1600) (0o10) (2) 38.0 100
z Beunteur 109 17.0 4.0 0 (500) (500) (10) (150) (0.05) 0 70.0 80
; Ekor kuning 66 140 07 0 fao) (is0o) (20) (150) (002) O 840 (80)
z Gabus (segar) 74 21.2 17 0 62 176 09 (150) 004 ) 69.4 64
; Gabus (kering) 292 58.0 4.0 0 15 100 07  (100) (0.10) 0 240 (80)
— Ikan asin (kering) 193 — 420 1.5 0 200 300 25 0 0.01 0 400  (70)
P Ikan mas 86 160 20 0 (20) (50) (20) (1i50) (0o05) 0 S00 (B0)
Z Kakap 92 20.0 (07) 0 (20)  (200) 1.0 30 0.05 0 70  (80)
5 Kembung 03 220 (10) 0  (20) (200) (10) (30) (0o05) 0 760  (80)
% Kepiting 151 13.8 3.8 14.1 210 (50) 11 (200) 0.05 (0) 68.0 45
Kerang 59 8.0 11 3.6 133 (170) 3.1 (300) 001 0 85.0 20
00
w
