Daging sapi kurus 174 19.6 10,0 ) 11 181 2.9 20 0.08 0 69.0 100
Daging sapi sedang 207 18.8 14.0 0 11 170 2.8 30 0.80 0 66.0 100
Dendeng 433 835.0 9.0 0 (30) (370) (51) 0 (0.10) 0 25.0 100
Didih (darah) ajam 77 13.8 1.9 07 (15) 9 13 (50) 002 ) 820 100
Didih (darah) sapi 104 21.9 1 0 7 24 1.3 (50) 0 0 75.6 100
Gindjal babi 114 16.3 4.6 0.8 11 246 8.0 (130) 058 13 771 100

& Gindjal domba 105 16.6 3.3 1.0 13 237 92 (us0o) O5! 13 1718 100

5 Gindjal sapi M 150 8a 0:9 9 221 79 (ns0) 037 13 749 — 100

; Hati babi 134 19.9 48 1.7 10 362 180 14200 040 23 73 — 100

. Hati sapi 136 197 32 6.0 7 358 66 43900 026 31 69.7 — 100

; Krupuk kulit kerbau 422 830 4.0 0 (5) (10) (0) (0) (0) 0 15.0 100

z Lambung (babat) 113 17.6 4.2 0 12 144 10 ) 0.15 0 76.7 100

% Otak 125 10.4 8.6 0.8 16 339 3.6 ') 0.23 18 78.9 100

2 Sarang burung 281 37.5 0.3 32.1 485 18 3.0 (0) 0 (0) 24.8 100

»

z Usus (isi perut) 130 14.0 7.2 1.5 14 115 40 (2000) 008 (0) 76.3 100
SA SADR BAN EE— EE— —e— iE——— EEE—————————————b

z

A

»

z

w

-

a

D

w

z

0)

o-)

bl
